2,11,2,23,45.5474975160032,-73.5474517276607
1,10,2,23,45.5571799133696,-73.5319747490465
1,10,2,23,45.5571799133696,-73.5319747490465
2,10,1,23,45.541144360720004,-73.5399326022735
3,10,2,23,45.546820184542504,-73.5514181965384
2,9,3,23,45.545070714766396,-73.542507586756
2,9,3,23,45.544872526659205,-73.5449729717175
2,9,3,23,45.547297438513695,-73.5440798015942
2,9,3,23,45.547297438513695,-73.5440798015942
5,9,1,23,45.54362621201489,-73.5457336516918
2,8,1,23,45.5547793126256,-73.54685216449549
2,8,2,23,45.5431042875012,-73.5413955614135
3,8,2,23,45.5582936121359,-73.54877597452891
5,8,1,23,45.5484966173938,-73.5425274839338
1,10,1,39,45.6137042487452,-73.6338408946887
2,10,1,39,45.6097196842573,-73.6273715726258
3,10,2,39,45.617202286370706,-73.6147950267853
1,9,3,39,45.5957083990394,-73.63325055312559
1,8,1,39,45.6194165195902,-73.62026328423549
1,8,1,39,45.5965065171191,-73.6317243189822
3,8,1,39,45.61497025966539,-73.6112307301328
1,7,3,39,45.613879319565,-73.6178634254007
1,7,3,39,45.614951182175,-73.6190354714133
1,7,1,39,45.600865877841905,-73.6284446072412
1,7,2,39,45.5996332083284,-73.6238695021831
2,7,1,39,45.588394613141205,-73.63167771279299
4,11,1,42,45.5912304518118,-73.5713011945389
4,10,1,42,45.5863923491875,-73.611117220957
4,10,2,42,45.5824787426556,-73.60013198586691
1,9,2,42,45.5851970768058,-73.60681669388009
3,9,1,42,45.5863923491875,-73.611117220957
3,8,2,42,45.572122596432,-73.59375551074409
4,7,2,42,45.5879262382771,-73.61092859967309
1,11,3,48,45.577644606915705,-73.5331357959463
2,11,1,48,45.577644606915705,-73.5331357959463
2,11,2,48,45.5726646996521,-73.5362063463489
1,10,1,48,45.5929588283049,-73.5131772707605
1,10,1,48,45.601445656820296,-73.5170502718273
2,10,3,48,45.5715514351435,-73.5501796121864
3,11,2,45,45.6285872294871,-73.61630771908091
3,10,2,45,45.6173747278209,-73.606364369983
3,10,1,45,45.660631351630705,-73.5659253226841
3,10,1,45,45.616934216496894,-73.5939804124454
4,10,1,45,45.6270396754323,-73.5791986790322
2,9,1,45,45.616934216496894,-73.5939804124454
2,9,1,45,45.6342480889508,-73.58573665236379
2,9,1,45,45.6398177989269,-73.5800547103382
3,8,2,45,45.616934216496894,-73.5939804124454
3,7,1,45,45.634595311110104,-73.5760417496969
2,10,1,46,45.605811579998395,-73.57648793000949
3,10,2,46,45.5992132647212,-73.5579331413385
3,9,1,46,45.6217444480013,-73.5866466571117
3,9,2,46,45.605909154615205,-73.5641544902676
4,9,1,46,45.5987527158561,-73.55327220553691
3,7,3,46,45.6085254324603,-73.58172118477141
4,7,1,46,45.6175073076715,-73.5726726781659
4,7,1,46,45.6103400192919,-73.54730923533691
2,10,1,48,1.0,1.0
2,10,3,48,45.58954717454821,-73.5171533635212
3,10,1,48,45.6092209338235,-73.51115130859729
4,10,1,48,45.601445656820296,-73.5170502718273
2,9,2,48,45.58827677468229,-73.5575577256984
4,8,3,48,45.58530701809521,-73.5368860036792
2,7,1,48,45.582767553428205,-73.5430334137262
3,7,2,48,45.589890545675495,-73.5390186091298
2,11,1,49,45.662032634770206,-73.497413744046
2,11,2,49,45.645420092940704,-73.4893524747665
2,11,1,49,45.63965781061479,-73.50408754529671
1,10,1,49,45.65209465052379,-73.48943841887609
2,10,1,49,45.6426096259665,-73.4977499949346
1,9,1,49,45.638009591487396,-73.4937627673995
3,8,1,49,45.6354678714311,-73.495210268707
1,7,2,49,45.668543053012705,-73.4957897753265
2,7,1,49,45.6400032046037,-73.49023253143329
1,6,1,48,45.6033745983074,-73.5235798120862
2,6,1,48,45.587358533465796,-73.56124583732459
2,6,1,48,45.587358533465796,-73.56124583732459
2,6,1,48,45.5717196651625,-73.53686557731379
2,6,1,48,45.6065052090927,-73.5289578943615
2,6,1,48,45.588839702687395,-73.539449999322
2,6,1,48,45.594796697267704,-73.5113726917405
2,6,1,48,45.5876716863678,-73.5579805660328
1,2,1,49,45.638009591487396,-73.4937627673995
2,2,2,49,45.6633677310282,-73.505586577138
2,2,2,49,45.645420092940704,-73.4893524747665
2,2,2,49,45.65050975197779,-73.4963693017676
4,2,3,49,45.6329187858315,-73.4942958838582
1,3,3,49,1.0,1.0
2,3,1,49,45.645420092940704,-73.4893524747665
2,3,2,49,45.631590096957396,-73.504066566049
4,3,3,49,45.639267587816,-73.5102228205619
3,4,1,49,45.635096039431296,-73.5028680349153
1,5,1,49,45.6515560875945,-73.5023094852972
2,6,2,49,45.663577808495,-73.506953448999
2,6,1,49,45.646969890472604,-73.5126679177925
2,6,2,49,45.6664417398308,-73.494383561093
2,6,1,49,45.691855379334,-73.4886567259306
4,6,3,49,45.637614108334894,-73.4913734471036
4,6,3,49,45.6297475797565,-73.5009861544241
4,2,3,23,45.565814263499796,-73.55400910901992
1,3,2,23,45.5506708652385,-73.54928532508929
4,3,2,23,45.55590421875879,-73.5503518562359
1,4,2,23,45.546820184542504,-73.5514181965384
1,4,2,23,45.5405961470788,-73.5516834527632
2,4,3,23,45.552512785390206,-73.53979397793209
1,5,1,23,45.5442862243073,-73.54532711260791
1,5,2,23,45.5422161581248,-73.5542670512514
2,5,1,23,45.56027075348471,-73.5322646655998
2,5,1,23,45.56027075348471,-73.5322646655998
2,5,1,23,45.5413369421469,-73.5380930868663
2,5,1,23,45.5599152527042,-73.5324988753382
1,6,2,23,45.5578137401435,-73.5338746675954
1,6,3,23,45.542403921192296,-73.54414963448029
2,6,1,23,45.547939933596105,-73.54300917367391
2,6,1,23,45.5515485637578,-73.53808765080959
3,6,1,23,1.0,1.0
3,2,1,42,45.585605512794,-73.60529170454241
3,2,1,42,45.599713940086495,-73.5784204441228
5,2,2,42,45.57591562432079,-73.5988125908153
1,3,1,42,45.596012807517205,-73.61386935671909
3,3,1,42,45.583618301946494,-73.5918591571598
4,3,2,42,45.6015939041544,-73.5976105279912
3,4,1,42,45.575352647707604,-73.58424218345891
1,2,1,39,45.60371659060429,-73.6334866456867
1,2,2,39,45.58671854101521,-73.6361791785137
2,2,3,39,45.6028572882727,-73.63730086609321
1,3,2,39,45.6082482733319,-73.62039008149641
1,3,1,39,45.6055067986602,-73.62365022289559
2,3,2,39,1.0,1.0
5,3,2,39,45.58822839748299,-73.6346260056554
5,3,2,39,45.58822839748299,-73.6346260056554
3,4,2,39,45.5852684753609,-73.6346293362474
4,4,1,39,45.5964861702234,-73.62167353267671
4,4,1,39,45.5826743980832,-73.6395496063943
1,5,3,39,45.581108250552205,-73.6410891805176
1,5,1,39,45.5906260983131,-73.62779674176859
2,5,1,39,45.604313262210795,-73.61873635097649
1,6,1,39,45.6094639032806,-73.6114691963937
1,6,1,39,45.6109492410005,-73.6232132902939
2,6,1,39,45.5852684753609,-73.6346293362474
2,6,2,39,45.5826743980832,-73.6395496063943
4,6,3,39,45.597357901299496,-73.6421128828207
4,6,1,39,45.5920687640598,-73.6406139927158
4,6,2,39,1.0,1.0
1,4,1,45,45.6597579040915,-73.57023391669259
3,4,1,45,45.6278683803642,-73.5944005647268
4,5,1,45,45.63293713587979,-73.5972446390017
4,6,2,45,45.6173747278209,-73.606364369983
3,5,1,42,45.5844558497804,-73.5665909342824
5,5,2,42,45.588917947100704,-73.57762011799859
2,6,2,42,45.57591562432079,-73.5988125908153
2,6,1,42,45.59163028257829,-73.5731081079946
2,6,1,42,45.585317298796795,-73.57056868663429
3,6,1,42,45.5844558497804,-73.5665909342824
3,6,2,42,45.5932743079959,-73.5922855285606
4,6,2,42,45.588613931085796,-73.5836373160817
4,6,1,42,45.57728281514979,-73.5964376276503
4,2,1,46,45.61859388951079,-73.588551531508
1,3,1,46,45.6160157321684,-73.56923680583921
4,3,1,46,45.6160157321684,-73.56923680583921
3,4,1,46,45.6080109799491,-73.5943814165731
2,5,1,46,45.60274214129029,-73.5547860573508
2,5,1,46,45.606733057418005,-73.5864188315587
2,6,1,46,45.6122877475207,-73.5552453936352
2,6,1,46,45.61087560942389,-73.5468393068301
2,6,1,46,45.6019950825105,-73.57540193306191
1,2,2,48,1.0,1.0
3,2,1,48,45.5805284788726,-73.5350826023921
4,2,2,48,45.580440556106396,-73.5351421204788
2,3,2,48,45.5986377566524,-73.5215108315252
2,3,2,48,45.5726646996521,-73.5362063463489
3,3,2,48,45.5724962265942,-73.5436641089654
3,3,1,48,45.5933332026338,-73.54528333241079
4,3,2,48,45.5986761726849,-73.5156281683755
4,3,2,48,45.601445656820296,-73.5170502718273
5,3,2,48,45.6021241815491,-73.52190126055329
2,4,1,48,45.5986761726849,-73.5156281683755
2,4,1,48,45.582767553428205,-73.5430334137262
2,4,1,48,45.603301481852704,-73.5284627020324
1,5,3,48,45.609839174487,-73.51772475372991
1,5,1,48,45.601445656820296,-73.5170502718273
2,5,3,48,45.595790105758,-73.5232595147659
3,5,2,48,45.6043349471328,-73.5125408657652
4,5,1,48,45.601445656820296,-73.5170502718273
1,5,1,23,45.5442862243073,-73.54532711260791
1,5,2,23,45.5422161581248,-73.5542670512514
2,5,1,23,45.56027075348471,-73.5322646655998
2,5,1,23,45.56027075348471,-73.5322646655998
2,5,1,23,45.5413369421469,-73.5380930868663
2,5,1,23,45.5599152527042,-73.5324988753382
1,4,2,23,45.546820184542504,-73.5514181965384
1,4,2,23,45.5405961470788,-73.5516834527632
2,4,3,23,45.552512785390206,-73.53979397793209
1,3,2,23,45.5506708652385,-73.54928532508929
4,3,2,23,45.55590421875879,-73.5503518562359
4,2,3,23,45.565814263499796,-73.55400910901992
1,5,3,39,45.581108250552205,-73.6410891805176
1,5,1,39,45.5906260983131,-73.62779674176859
2,5,1,39,45.604313262210795,-73.61873635097649
3,4,2,39,45.5852684753609,-73.6346293362474
4,4,1,39,45.5964861702234,-73.62167353267671
4,4,1,39,45.5826743980832,-73.6395496063943
1,3,2,39,45.6082482733319,-73.62039008149641
1,3,1,39,45.6055067986602,-73.62365022289559
2,3,2,39,1.0,1.0
5,3,2,39,45.58822839748299,-73.6346260056554
5,3,2,39,45.58822839748299,-73.6346260056554
1,2,1,39,45.60371659060429,-73.6334866456867
1,2,2,39,45.58671854101521,-73.6361791785137
2,2,3,39,45.6028572882727,-73.63730086609321
1,1,1,39,1.0,1.0
4,1,1,39,45.62567859395289,-73.6177058890231
4,1,2,39,45.6059976472756,-73.62486447816049
3,5,1,42,45.5844558497804,-73.5665909342824
5,5,2,42,45.588917947100704,-73.57762011799859
3,4,1,42,45.575352647707604,-73.58424218345891
1,3,1,42,45.596012807517205,-73.61386935671909
3,3,1,42,45.583618301946494,-73.5918591571598
4,3,2,42,45.6015939041544,-73.5976105279912
3,2,1,42,45.585605512794,-73.60529170454241
3,2,1,42,45.599713940086495,-73.5784204441228
5,2,2,42,45.57591562432079,-73.5988125908153
1,1,1,42,45.586305090882504,-73.580433816052
4,1,3,42,45.587627257125504,-73.60351208161559
4,1,1,42,45.57728281514979,-73.5964376276503
5,1,3,42,45.5806613494799,-73.59454098071829
4,5,1,45,45.63293713587979,-73.5972446390017
1,4,1,45,45.6597579040915,-73.57023391669259
3,4,1,45,45.6278683803642,-73.5944005647268
2,5,1,46,45.60274214129029,-73.5547860573508
2,5,1,46,45.606733057418005,-73.5864188315587
3,4,1,46,45.6080109799491,-73.5943814165731
1,3,1,46,45.6160157321684,-73.56923680583921
4,3,1,46,45.6160157321684,-73.56923680583921
4,2,1,46,45.61859388951079,-73.588551531508
1,5,3,48,45.609839174487,-73.51772475372991
1,5,1,48,45.601445656820296,-73.5170502718273
2,5,3,48,45.595790105758,-73.5232595147659
3,5,2,48,45.6043349471328,-73.5125408657652
4,5,1,48,45.601445656820296,-73.5170502718273
2,4,1,48,45.5986761726849,-73.5156281683755
2,4,1,48,45.582767553428205,-73.5430334137262
2,4,1,48,45.603301481852704,-73.5284627020324
2,3,2,48,45.5986377566524,-73.5215108315252
2,3,2,48,45.5726646996521,-73.5362063463489
3,3,2,48,45.5724962265942,-73.5436641089654
3,3,1,48,45.5933332026338,-73.54528333241079
4,3,2,48,45.5986761726849,-73.5156281683755
4,3,2,48,45.601445656820296,-73.5170502718273
5,3,2,48,45.6021241815491,-73.52190126055329
1,2,2,48,1.0,1.0
3,2,1,48,45.5805284788726,-73.5350826023921
4,2,2,48,45.580440556106396,-73.5351421204788
1,1,2,48,45.5971521268496,-73.5345489928065
1,1,3,48,45.5824135034543,-73.538608963144
3,1,2,48,45.6021241815491,-73.52190126055329
1,5,1,49,45.6515560875945,-73.5023094852972
3,4,1,49,45.635096039431296,-73.5028680349153
1,3,3,49,1.0,1.0
2,3,1,49,45.645420092940704,-73.4893524747665
2,3,2,49,45.631590096957396,-73.504066566049
4,3,3,49,45.639267587816,-73.5102228205619
1,2,1,49,45.638009591487396,-73.4937627673995
2,2,2,49,45.6633677310282,-73.505586577138
2,2,2,49,45.645420092940704,-73.4893524747665
2,2,2,49,45.65050975197779,-73.4963693017676
4,2,3,49,45.6329187858315,-73.4942958838582
4,1,2,49,45.641933333894904,-73.5020147483055
2,9,1,31,45.547509901115,-73.60244428261379
2,9,3,31,45.535735852173005,-73.62043748231571
1,11,1,10,45.5389446489169,-73.6979309521001
3,9,2,10,45.531728977658304,-73.65127256002829
3,7,1,10,45.5343629297643,-73.66072852787158
5,7,3,10,45.5382920235275,-73.6988637401181
5,7,2,10,45.533348360504,-73.7176769427268
1,9,3,24,45.5200602516174,-73.61137197404571
3,9,1,24,1.0,1.0
3,8,1,24,45.5226096454499,-73.6130547403237
1,11,3,27,45.56697359203521,-73.6504612873729
3,11,1,27,45.5481158042056,-73.64165885343449
4,11,1,27,45.570585446828495,-73.6516465878862
4,11,1,27,45.5480017135734,-73.63897794738709
3,9,1,27,45.5748677270045,-73.6520210118249
3,9,2,27,45.5730749117244,-73.6416307487285
2,8,2,27,45.560995256245796,-73.6651532521257
3,8,1,27,45.5512433711736,-73.63979700903249
4,8,3,27,45.57155358076879,-73.64015197014129
2,7,1,27,45.5503066806674,-73.67081698266459
4,7,3,27,45.556135882309704,-73.656708191681
2,11,3,33,45.528852004103896,-73.6334912554715
4,9,1,33,45.529648174324294,-73.6248967141607
3,11,1,44,45.571500806594294,-73.57788000026191
2,10,2,44,45.55473514934239,-73.5642296220381
2,9,1,44,45.548973344364796,-73.5915674565396
3,9,1,44,45.55490799567579,-73.59120320640409
3,9,1,44,45.545615754786,-73.5800876412149
4,9,3,44,45.5609271480878,-73.5859600374287
4,9,1,44,45.5559549908292,-73.5636051982461
1,8,3,44,45.54738556943,-73.5881775297542
5,8,2,44,45.553291048613204,-73.5803421493543
1,8,1,31,45.543659624739504,-73.6358063881097
1,8,3,31,45.5463481101997,-73.60354605649309
1,8,1,31,45.54597541246079,-73.6291847465566
2,8,3,31,45.535735852173005,-73.62043748231571
3,8,1,31,45.543505939197594,-73.6400416033223
1,7,1,31,45.542274378388996,-73.6185691177004
2,11,1,35,45.539251347643,-73.6099890897087
2,11,1,35,45.5335047092301,-73.6157137479969
4,10,2,35,45.540113306413204,-73.5849348297717
1,9,2,35,45.5314143902812,-73.602919546732
2,9,2,35,45.541961463387295,-73.5977633022666
2,9,2,35,45.5424351091911,-73.589784639405
2,9,1,35,45.541810921404,-73.5903300626858
2,9,1,35,45.540678672442894,-73.591305995139
2,9,1,35,45.5424828363293,-73.5881326908681
2,8,2,35,45.538607526403204,-73.6057059826373
1,7,1,35,45.539733928662,-73.58785823885891
1,11,1,38,45.52524661004949,-73.58177651384929
1,11,2,38,45.5223564699761,-73.57767472281121
1,11,3,38,45.5163253085914,-73.5751026849473
1,10,1,38,45.5229102794527,-73.58938584119359
1,10,3,38,45.5284917611746,-73.58917527483091
3,10,2,38,45.518016384315004,-73.58170323069429
3,10,2,38,45.5224046006887,-73.5914157434076
5,10,3,38,45.5139102242156,-73.5726124697495
1,9,2,38,45.5214467287731,-73.5706230232969
2,9,1,38,45.52242377180679,-73.5842595969339
2,9,1,38,45.5300016446982,-73.5779457795394
2,9,1,38,45.5168809812708,-73.57062601549141
3,9,2,38,45.5211762326634,-73.5999004154999
1,8,1,38,45.5207409388259,-73.5758720107522
3,8,2,38,45.5055503826639,-73.5729572766557
2,7,1,38,45.5264531899901,-73.58067091407821
2,7,1,38,45.515141209256804,-73.5682751300206
3,7,2,38,45.5258130498679,-73.59890116578191
2,7,1,44,45.546696859772396,-73.58371930700709
3,7,3,44,45.556382533552295,-73.5544167642413
2,9,1,30,45.56840015177279,-73.59742238063241
2,9,1,30,45.56840015177279,-73.59742238063241
5,9,2,30,45.5683751338379,-73.641658472964
1,8,1,30,45.58113521292379,-73.6221964037914
1,8,1,30,45.5755487795838,-73.63561254541
1,8,2,30,45.5681655143167,-73.6305910420838
2,7,1,30,45.5761590787999,-73.6097020049327
2,9,1,31,45.541599279078206,-73.6151708497888
2,9,3,31,45.5409944495658,-73.6157268955841
2,9,1,31,45.547509901115,-73.60244428261379
3,11,1,30,45.55568509141129,-73.6195091156564
1,10,1,30,45.567740131953,-73.6060236773903
1,9,1,30,45.558487625659,-73.60737639119199
1,9,2,30,45.5671615372058,-73.61257172830041
2,2,1,10,45.5460810771858,-73.6975659533534
4,2,3,10,45.53745978712271,-73.67702152469641
1,2,1,31,45.554924346083794,-73.61055312667979
2,2,1,31,45.5347392768581,-73.61824572309742
3,3,3,31,45.5469586179607,-73.61047616775329
3,3,1,31,45.54322575229379,-73.6161306006104
1,4,1,31,45.5481088526582,-73.6019182054264
1,4,1,31,45.5508823835293,-73.59954698320021
1,3,2,10,45.52664381672751,-73.7086138587148
1,4,2,10,45.52640996628679,-73.7221025111886
3,4,1,10,45.53338586174561,-73.6529465058488
1,6,2,10,45.5299301776852,-73.7045561852585
4,6,2,10,45.5309186805616,-73.7087870603015
5,6,2,10,45.5338191842519,-73.7169051184208
4,2,3,24,45.513010080778706,-73.65477370243259
4,2,2,24,1.0,1.0
1,3,2,24,1.0,1.0
1,4,2,24,45.5185158847763,-73.6372286479883
3,5,2,24,45.5209042429966,-73.6132621248919
3,6,2,24,45.5161179852514,-73.6076851422868
1,2,1,27,45.5720045463333,-73.6574328377394
2,2,1,27,45.5713154786833,-73.6470995189936
3,2,1,27,45.553221217654894,-73.6495182958912
1,3,1,27,45.5523442801633,-73.6739101914563
2,3,1,27,45.57155358076879,-73.64015197014129
2,3,1,27,45.558451913073995,-73.6327821608615
1,4,2,27,45.5554259005795,-73.6373891973335
1,5,1,27,45.5460889315987,-73.6604224843987
2,5,1,27,45.5503066806674,-73.67081698266459
1,6,3,27,45.5375272899026,-73.6552574624983
2,6,2,27,45.5494017947503,-73.6713651888832
2,6,1,27,45.5534065901365,-73.661917283378
4,6,3,27,45.5724058539775,-73.64222199475459
3,2,1,30,45.5611869149408,-73.60382015411192
4,2,2,30,45.574012305406,-73.63355236376941
3,3,3,30,45.565450079723504,-73.59235943120301
4,3,1,30,45.58200983846599,-73.62419907702579
1,4,3,30,45.58143365533171,-73.6228606977573
2,4,1,30,45.58143365533171,-73.6228606977573
3,4,2,30,45.564490517739706,-73.596642573284
1,5,1,30,45.581990137451,-73.6261990445441
2,5,2,30,45.567619242636795,-73.5939394181199
3,5,2,30,45.56927634057071,-73.597702508835
4,5,1,30,45.558490409570105,-73.5957215957557
1,6,1,30,45.556469024656,-73.60277133769559
3,6,1,30,45.5693024495623,-73.6010992657256
2,4,1,33,45.53098697161101,-73.6268168459824
3,4,1,33,45.5286676153123,-73.6372821368177
4,2,1,35,45.5499058562515,-73.59558402273379
1,3,2,35,45.54589506823461,-73.5989900588312
3,4,1,35,45.536126400043294,-73.6030713681144
1,5,2,35,45.5319379377685,-73.61226904743859
1,5,3,35,45.54296547012,-73.6017355106772
1,6,3,35,45.533341884537,-73.6133342435403
1,6,3,35,45.5443088899392,-73.5955565578499
2,6,1,35,45.5416853763485,-73.61265238607909
3,6,1,35,45.5430560781947,-73.6065194858995
2,5,1,31,45.55322952630671,-73.6190145835717
2,6,1,31,45.5428895384261,-73.6404988972863
2,6,2,31,45.5526191990885,-73.6195708447118
1,3,1,38,45.518016384315004,-73.58170323069429
1,3,2,38,45.5212089782162,-73.5924838666852
1,4,1,38,45.5205762143154,-73.58447452509041
2,4,3,38,45.5284917611746,-73.58917527483091
3,4,2,38,45.51333857509189,-73.5730046477873
1,5,2,38,45.522309078330295,-73.5811142522048
2,5,1,38,45.515763130536605,-73.580483985145
2,5,3,38,1.0,1.0
1,6,1,38,45.5201287033824,-73.584878246438
1,6,1,38,45.522894978025796,-73.58057331520891
1,6,1,38,45.5111119086122,-73.57004317956091
1,6,1,38,45.5111119086122,-73.57004317956091
1,6,2,38,45.5192207665804,-73.57728123013091
2,6,3,38,45.5192463457546,-73.5725951152006
2,6,1,38,45.51696519445311,-73.5793875092085
3,6,1,38,45.539729524232904,-73.5815788371276
3,6,2,38,45.515763130536605,-73.580483985145
4,2,1,44,45.5780874845718,-73.57114781181829
3,3,1,44,45.5793672998664,-73.5749282928432
3,3,3,44,45.5761577165387,-73.5727179201093
1,4,3,44,45.54595414774221,-73.5560263894875
2,4,1,44,45.5415234775257,-73.5652654167197
4,4,2,44,45.5625350370873,-73.5723171181388
1,6,2,44,45.55424568423079,-73.5966814574403
1,6,1,44,45.5561526513657,-73.57363691412421
1,6,2,44,45.563037598217605,-73.5841253168782
2,6,1,44,45.5541262509548,-73.5600576236889
2,6,1,44,45.5501406088066,-73.5679468249325
2,6,1,44,45.571139286245796,-73.57227211976141
2,6,1,44,45.5817076837548,-73.57333974033129
2,6,1,44,45.56421833820661,-73.5879647527112
3,6,1,44,45.560105616184394,-73.5744809335563
1,4,2,10,45.52640996628679,-73.7221025111886
3,4,1,10,45.53338586174561,-73.6529465058488
1,3,2,10,45.52664381672751,-73.7086138587148
2,2,1,10,45.5460810771858,-73.6975659533534
4,2,3,10,45.53745978712271,-73.67702152469641
4,1,1,10,45.5318007308387,-73.72114241117991
3,5,2,24,45.5209042429966,-73.6132621248919
1,4,2,24,45.5185158847763,-73.6372286479883
1,3,2,24,1.0,1.0
4,2,3,24,45.513010080778706,-73.65477370243259
4,2,2,24,1.0,1.0
2,4,1,33,45.53098697161101,-73.6268168459824
3,4,1,33,45.5286676153123,-73.6372821368177
1,5,2,35,45.5319379377685,-73.61226904743859
1,5,3,35,45.54296547012,-73.6017355106772
3,4,1,35,45.536126400043294,-73.6030713681144
1,3,2,35,45.54589506823461,-73.5989900588312
4,2,1,35,45.5499058562515,-73.59558402273379
1,5,1,27,45.5460889315987,-73.6604224843987
2,5,1,27,45.5503066806674,-73.67081698266459
1,4,2,27,45.5554259005795,-73.6373891973335
1,3,1,27,45.5523442801633,-73.6739101914563
2,3,1,27,45.57155358076879,-73.64015197014129
2,3,1,27,45.558451913073995,-73.6327821608615
1,2,1,27,45.5720045463333,-73.6574328377394
2,2,1,27,45.5713154786833,-73.6470995189936
3,2,1,27,45.553221217654894,-73.6495182958912
1,1,2,27,45.5782329947817,-73.64520309688051
4,1,1,27,45.5512433711736,-73.63979700903249
1,5,1,30,45.581990137451,-73.6261990445441
2,5,2,30,45.567619242636795,-73.5939394181199
3,5,2,30,45.56927634057071,-73.597702508835
4,5,1,30,45.558490409570105,-73.5957215957557
1,4,3,30,45.58143365533171,-73.6228606977573
2,4,1,30,45.58143365533171,-73.6228606977573
3,4,2,30,45.564490517739706,-73.596642573284
3,3,3,30,45.565450079723504,-73.59235943120301
4,3,1,30,45.58200983846599,-73.62419907702579
3,2,1,30,45.5611869149408,-73.60382015411192
4,2,2,30,45.574012305406,-73.63355236376941
2,1,2,30,45.5710647685554,-73.6280048313913
2,1,2,30,45.5751891735962,-73.628487318947
3,1,1,30,45.5552299794745,-73.59786282394259
4,1,3,30,45.5600763812602,-73.5915885897533
2,5,1,31,45.55322952630671,-73.6190145835717
1,4,1,31,45.5481088526582,-73.6019182054264
1,4,1,31,45.5508823835293,-73.59954698320021
3,3,3,31,45.5469586179607,-73.61047616775329
3,3,1,31,45.54322575229379,-73.6161306006104
1,2,1,31,45.554924346083794,-73.61055312667979
2,2,1,31,45.5347392768581,-73.61824572309742
2,1,1,31,45.542587528242905,-73.6291923154671
1,4,3,44,45.54595414774221,-73.5560263894875
2,4,1,44,45.5415234775257,-73.5652654167197
4,4,2,44,45.5625350370873,-73.5723171181388
3,3,1,44,45.5793672998664,-73.5749282928432
3,3,3,44,45.5761577165387,-73.5727179201093
4,2,1,44,45.5780874845718,-73.57114781181829
2,1,2,35,45.534130901118495,-73.5956866247993
3,1,3,35,45.541165759463304,-73.5960615206512
4,1,1,35,45.538473351609895,-73.5964304714051
1,5,2,38,45.522309078330295,-73.5811142522048
2,5,1,38,45.515763130536605,-73.580483985145
2,5,3,38,1.0,1.0
1,4,1,38,45.5205762143154,-73.58447452509041
2,4,3,38,45.5284917611746,-73.58917527483091
3,4,2,38,45.51333857509189,-73.5730046477873
1,3,1,38,45.518016384315004,-73.58170323069429
1,3,2,38,45.5212089782162,-73.5924838666852
3,1,2,38,45.535694673739606,-73.5805728344496
4,1,1,38,45.5363834987337,-73.5799336254562
2,1,2,44,45.5449360009614,-73.572897407493
2,10,1,3,45.500423027792394,-73.8434682584605
3,10,1,3,45.5097405125479,-73.8226875853567
4,8,3,3,45.4593894824953,-73.881748240935
3,7,2,3,45.50408173933471,-73.781789863246
1,11,1,4,45.48887933882,-73.7838216124775
2,10,1,4,45.485201401831105,-73.8036039880152
1,9,1,4,45.49885116072699,-73.8222477295171
1,9,2,7,45.5114922779152,-73.6784832122982
1,9,1,7,45.5241962608481,-73.7184727204438
2,9,1,7,45.5114922779152,-73.6784832122982
2,9,1,7,45.5243955909579,-73.6719706309259
3,9,2,7,45.5226579647258,-73.65932364438241
4,9,1,7,45.5283965303705,-73.66784363312759
2,8,2,7,45.525777541104,-73.67920406892709
3,8,1,7,45.48715388056,-73.7171298080997
3,8,1,7,45.498819333768,-73.73798451880641
3,8,1,7,1.0,1.0
4,8,2,7,45.4972460801594,-73.7042507326908
4,7,2,7,45.5198474372909,-73.6795832482553
1,10,2,8,45.4347469605898,-73.6863853266586
1,10,2,8,45.44197588507999,-73.6759180882757
2,9,1,8,45.4446282925148,-73.6465887169856
3,9,2,8,45.4483354062285,-73.6490760972355
3,9,1,8,45.4400938227236,-73.6738742651791
2,8,1,8,45.442645773467,-73.6875454194309
1,9,1,9,45.46725621470261,-73.6675910979032
2,9,2,9,45.478254366398204,-73.6594350390405
1,8,1,9,45.48902327559011,-73.6511475717208
4,10,2,11,45.4737179258194,-73.6329604217606
2,9,1,11,45.4753213353015,-73.6315240197586
2,9,1,11,45.473166356564995,-73.64580563897199
2,9,1,11,45.4772390981345,-73.6153179285682
1,11,3,13,45.4306422679592,-73.64726644746959
1,11,1,13,45.4183110198028,-73.6191720214225
2,11,1,13,45.4334314863186,-73.59710023024451
3,11,2,13,45.4288766413714,-73.60911993585
3,10,1,13,45.4374477909005,-73.6178654235096
1,9,1,13,45.4306422679592,-73.64726644746959
3,9,2,13,45.447416098867905,-73.610239743791
4,9,1,13,45.43240321618279,-73.6298912135042
4,9,1,13,45.43240321618279,-73.6298912135042
4,9,1,13,45.43240321618279,-73.6298912135042
2,11,1,26,45.495392859190396,-73.62727951866479
1,10,1,26,45.5055015663233,-73.62826861961442
2,10,2,26,1.0,1.0
4,10,1,26,45.4925351101922,-73.6272193203607
5,10,2,26,45.4879431446461,-73.6392855745175
1,9,1,26,45.507043733916,-73.6264775598123
2,9,1,26,45.4910780054969,-73.64526196268159
2,9,1,26,45.487165218879994,-73.63760788199471
2,9,1,26,45.489679692102605,-73.6421353142831
2,9,1,26,45.49269556332229,-73.63911988424479
2,9,2,26,45.4892826277176,-73.6314568480458
4,9,3,26,45.4907365938949,-73.6455034755285
2,8,1,26,45.505473207072896,-73.62128774715659
4,11,3,7,45.4869087255012,-73.73854202213259
3,10,1,7,45.5312725210475,-73.6738792681034
3,10,1,7,45.5198205878461,-73.670662756382
3,10,1,7,45.5221183295084,-73.7040478156886
3,10,1,7,45.5227931957954,-73.6807915226635
4,10,2,7,45.512846298069604,-73.6846308153077
3,8,1,4,45.467634288171396,-73.85065801936129
1,11,2,5,45.48222481417561,-73.7980187130588
2,11,2,5,45.4389758704803,-73.73967529420321
4,10,3,5,45.4556319202307,-73.73231600986651
2,9,2,5,45.449372461071206,-73.81812931897029
2,8,2,5,45.454250823015606,-73.7359877037905
2,8,2,5,1.0,1.0
2,8,1,5,45.4562394884345,-73.74728486078209
3,8,2,5,45.4437936711129,-73.7408658383188
4,8,1,5,45.46049379139111,-73.7251949502819
5,8,2,5,45.46256275647221,-73.8292167425863
2,7,1,5,45.4562394884345,-73.74728486078209
1,10,1,1,45.457380859527504,-73.86835901619351
2,10,1,1,45.452263861602106,-73.8741551071207
2,9,2,1,45.4398882699525,-73.886046471441
3,9,2,1,45.403272021771095,-73.9503769320627
1,2,2,1,45.4484958917836,-73.88221453796491
1,2,1,1,45.460241027013105,-73.854949187133
1,2,1,1,45.4433306909101,-73.8847110468409
1,3,1,1,45.431255144283,-73.84996873184741
4,3,1,1,45.429234967159005,-73.9028413650152
1,4,1,1,45.4464777744734,-73.8825373899635
3,5,1,1,45.447893359452,-73.85409186801941
4,6,2,1,45.404276474326295,-73.95350781963141
5,6,2,1,45.4467125231857,-73.853128276066
2,3,3,4,45.4707017349593,-73.8324952984208
3,4,1,4,45.5024677060635,-73.7872712093885
1,2,1,8,45.441982575774404,-73.6684957319394
2,2,1,8,1.0,1.0
2,2,1,8,45.4419729965479,-73.67486910194309
4,2,2,8,45.456236360679995,-73.71987213522809
1,3,2,8,45.4385910864403,-73.69345043870159
2,5,1,8,45.445942656650494,-73.6769395321579
2,5,1,8,1.0,1.0
2,5,1,8,45.434895658657894,-73.6688832411123
2,6,1,8,45.433160798958305,-73.6676215525151
1,2,1,3,45.513154309321,-73.827435923401
3,3,2,3,45.4610133691881,-73.9202925705232
3,4,1,3,45.5109190024836,-73.807022999879
1,5,1,3,45.503845696042006,-73.8617214052588
1,5,1,3,45.4741515497511,-73.8749432826784
2,6,3,3,45.510086106719505,-73.80694312217081
2,3,1,5,45.4459726839572,-73.7239295068569
2,3,1,5,45.4663927646669,-73.8279130981457
2,3,1,5,45.434925575901204,-73.8109993424607
3,3,2,5,45.482798778400095,-73.78825427499251
3,3,2,5,45.470003912240706,-73.7128703212388
4,3,2,5,45.4556319202307,-73.73231600986651
1,4,2,5,45.48239661080729,-73.7875327575117
3,4,2,5,45.46256275647221,-73.8292167425863
4,4,1,5,45.449549952269706,-73.7425034542873
2,6,2,5,45.4390291701738,-73.8270839714686
3,6,2,5,45.46256275647221,-73.8292167425863
4,3,2,55,45.4562394884345,-73.74728486078209
2,2,1,7,45.5198503183266,-73.73377947355691
2,2,2,7,45.4875057075347,-73.7166720560858
2,2,2,7,45.4875057075347,-73.7166720560858
4,2,1,7,45.4925997586742,-73.7014739236836
4,2,1,7,45.493760837301906,-73.7086875453828
1,3,2,7,45.506411389076796,-73.6927124257345
3,3,2,7,45.490240950234,-73.691815373559
4,3,1,7,45.5139309955587,-73.65934257244871
1,4,2,7,45.519623370695896,-73.6757949192402
1,4,3,7,45.5066011122587,-73.7008095412479
1,6,1,7,45.489827365974506,-73.7393890707504
1,6,3,7,45.480206528006896,-73.74795149049758
1,6,2,7,45.52721103644979,-73.6912506485378
1,6,1,7,45.5122576971673,-73.691681480745
3,6,3,7,45.504601586294896,-73.6811674190436
3,6,1,7,45.508689767267,-73.6857127458201
4,6,1,7,45.480206528006896,-73.74795149049758
1,5,3,9,45.4660089881624,-73.6534457929373
1,6,2,9,45.465499359780104,-73.659688447942
3,6,1,9,45.481170256231096,-73.6358708981442
3,6,1,8,45.444954382683,-73.67592734553808
4,6,1,8,45.4437455313208,-73.71694469179859
1,2,1,13,45.4294798397022,-73.59324350332851
2,4,2,13,45.431026120706996,-73.635206065688
3,5,2,13,45.4439387454457,-73.61471838606879
2,6,2,13,45.4215058622684,-73.6350364047562
2,6,2,13,45.42054159300179,-73.6301634766661
2,6,2,13,45.422743864249604,-73.64045528977559
2,6,2,13,45.4290163110084,-73.5985543767199
2,6,1,13,45.431198725814504,-73.6189096794597
2,6,2,13,45.4361094108502,-73.6240939744545
3,6,1,13,45.4425741470395,-73.616997517407
4,6,1,13,45.4425741470395,-73.616997517407
4,6,2,13,45.4288766413714,-73.60911993585
3,2,1,11,45.4604206659072,-73.6260852012385
2,3,1,11,45.4646896574475,-73.64547431911329
2,4,1,11,45.4608769089622,-73.6343563590932
2,5,1,11,45.4604206659072,-73.6260852012385
2,5,1,11,45.4604206659072,-73.6260852012385
1,6,1,11,45.476701750405,-73.639352629992
1,6,2,11,45.468157717912,-73.64278012651658
1,6,1,11,45.473278987800896,-73.6249097604382
2,6,3,11,45.471204895065696,-73.60196378775359
2,6,2,11,45.4637247075041,-73.62896982707571
2,2,2,26,45.4793298539689,-73.6246084790303
3,2,3,26,45.4921600451495,-73.64436511482259
3,2,1,26,45.510513541502704,-73.6253361507698
4,5,1,26,45.50237535546621,-73.6294443944221
4,5,2,26,45.494672620412295,-73.65288396190591
4,5,1,26,45.512656492058,-73.6279537302041
1,6,1,26,45.487285495895904,-73.6218195317309
1,6,1,26,45.512998094199,-73.62480213170821
2,6,2,26,45.489679692102605,-73.6421353142831
2,6,1,26,45.509848797764995,-73.6240699801906
3,6,2,26,45.4932359742803,-73.65434227516859
3,6,2,26,45.500480810912705,-73.64660013277141
1,5,1,3,45.503845696042006,-73.8617214052588
1,5,1,3,45.4741515497511,-73.8749432826784
3,4,1,3,45.5109190024836,-73.807022999879
3,3,2,3,45.4610133691881,-73.9202925705232
1,2,1,3,45.513154309321,-73.827435923401
1,5,1,3,45.503845696042006,-73.8617214052588
1,5,1,3,45.4741515497511,-73.8749432826784
3,4,1,3,45.5109190024836,-73.807022999879
3,3,2,3,45.4610133691881,-73.9202925705232
1,2,1,3,45.513154309321,-73.827435923401
3,4,1,4,45.5024677060635,-73.7872712093885
2,3,3,4,45.4707017349593,-73.8324952984208
2,1,3,4,45.49492938115371,-73.8036194338424
3,1,2,4,45.488847744466604,-73.80142388955142
1,4,2,5,45.48239661080729,-73.7875327575117
3,4,2,5,45.46256275647221,-73.8292167425863
1,4,2,7,45.519623370695896,-73.6757949192402
1,4,3,7,45.5066011122587,-73.7008095412479
1,3,2,7,45.506411389076796,-73.6927124257345
4,4,1,5,45.449549952269706,-73.7425034542873
2,3,1,5,45.4459726839572,-73.7239295068569
2,3,1,5,45.4663927646669,-73.8279130981457
2,3,1,5,45.434925575901204,-73.8109993424607
3,3,2,5,45.482798778400095,-73.78825427499251
3,3,2,5,45.470003912240706,-73.7128703212388
4,3,2,5,45.4556319202307,-73.73231600986651
2,1,1,5,45.465085409848,-73.7846117312399
3,1,1,5,45.4292049401491,-73.82467552736729
4,1,2,5,45.4562394884345,-73.74728486078209
4,3,2,55,45.4562394884345,-73.74728486078209
2,5,1,8,45.445942656650494,-73.6769395321579
2,5,1,8,1.0,1.0
2,5,1,8,45.434895658657894,-73.6688832411123
1,3,2,8,45.4385910864403,-73.69345043870159
1,2,1,8,45.441982575774404,-73.6684957319394
2,2,1,8,1.0,1.0
2,2,1,8,45.4419729965479,-73.67486910194309
4,2,2,8,45.456236360679995,-73.71987213522809
1,1,2,8,45.4460237152977,-73.68261133157979
3,3,2,7,45.490240950234,-73.691815373559
4,3,1,7,45.5139309955587,-73.65934257244871
2,2,1,7,45.5198503183266,-73.73377947355691
2,2,2,7,45.4875057075347,-73.7166720560858
2,2,2,7,45.4875057075347,-73.7166720560858
4,2,1,7,45.4925997586742,-73.7014739236836
4,2,1,7,45.493760837301906,-73.7086875453828
1,1,1,7,45.5099864913274,-73.67431696230909
2,1,3,7,45.5306417751471,-73.6773180162943
4,1,1,7,45.490240950234,-73.691815373559
4,1,2,7,45.4963773786195,-73.7008256595816
2,1,1,8,45.448145376417294,-73.6752648959578
3,1,1,8,45.4449559323779,-73.6749182658324
1,5,3,9,45.4660089881624,-73.6534457929373
1,1,1,9,45.4660862278619,-73.6646231621268
2,5,1,11,45.4604206659072,-73.6260852012385
2,5,1,11,45.4604206659072,-73.6260852012385
2,4,1,11,45.4608769089622,-73.6343563590932
2,3,1,11,45.4646896574475,-73.64547431911329
3,2,1,11,45.4604206659072,-73.6260852012385
4,1,3,11,45.4568063500918,-73.643118539576
3,5,2,13,45.4439387454457,-73.61471838606879
2,4,2,13,45.431026120706996,-73.635206065688
1,2,1,13,45.4294798397022,-73.59324350332851
2,1,1,13,45.4364348112164,-73.6253755463485
3,1,1,13,45.424017552287104,-73.6531049030934
3,1,1,13,45.424017552287104,-73.6531049030934
3,1,1,13,45.429832432557404,-73.6437075138202
3,1,1,13,45.415785325404904,-73.637821241002
5,1,1,13,45.4363780997602,-73.6122728974517
4,5,1,26,45.50237535546621,-73.6294443944221
4,5,2,26,45.494672620412295,-73.65288396190591
4,5,1,26,45.512656492058,-73.6279537302041
2,2,2,26,45.4793298539689,-73.6246084790303
3,2,3,26,45.4921600451495,-73.64436511482259
3,2,1,26,45.510513541502704,-73.6253361507698
1,1,2,26,45.4998921356559,-73.6300333268251
2,1,1,26,45.4957131588733,-73.6102743287807
2,11,1,12,45.485757236862405,-73.5977125754051
5,10,2,12,45.49507454113979,-73.58141210675849
3,9,2,12,45.4944304771922,-73.57853339093259
2,8,1,12,45.481041085316704,-73.5934808121164
1,10,2,15,45.481575757071106,-73.5722138810993
1,9,2,15,45.484048081169796,-73.55794151202329
2,9,2,15,45.485495868175896,-73.5723648526993
1,8,1,15,45.4830158146504,-73.576449278089
2,8,1,15,45.4631570807307,-73.5970671037555
1,11,1,16,1.0,1.0
2,9,1,16,45.453252836900205,-73.5765846738422
2,9,1,16,45.456853747890705,-73.5501095165097
2,9,3,16,45.466061150605604,-73.5636336074868
2,9,1,16,45.4629257982309,-73.5702499898766
4,9,1,16,45.457875021231295,-73.55534006976991
3,8,1,16,45.4487803270875,-73.5769549646998
2,11,3,20,45.49939667644279,-73.55805552348549
1,10,1,20,45.492785717558796,-73.5577933579124
2,9,2,20,45.5032359622469,-73.56688173851971
3,9,2,20,45.500204962265606,-73.5856730658368
3,9,3,20,45.505373642249005,-73.5677447968167
3,9,2,20,1.0,1.0
1,8,2,20,45.5033822921352,-73.5684356913166
3,8,2,20,1.0,1.0
3,8,1,20,45.494192510964204,-73.575914719533
3,8,2,20,1.0,1.0
3,8,1,20,45.498053635593,-73.5774807062329
3,8,1,20,45.500011818806,-73.5729192723381
3,8,1,20,45.497441063919,-73.55680282597879
2,11,1,21,45.5169098979196,-73.5674619666346
3,11,1,21,45.5086304194252,-73.551952418003
3,11,2,21,45.505818584876394,-73.55364193886079
2,10,1,21,45.5005878737566,-73.5583509149269
2,10,2,21,45.512773363861,-73.5491235058314
3,9,2,21,45.5053616716024,-73.5531998136427
2,8,2,21,45.50774647501861,-73.5626485209305
2,8,1,21,45.515020792393294,-73.5661961912092
2,7,1,21,45.5068013397909,-73.566507285228
3,7,1,21,45.509870667347094,-73.5638225691963
3,7,2,21,45.506199081352605,-73.5556216666139
2,11,3,22,45.5209947456528,-73.5532516156632
2,9,3,22,45.53454399494821,-73.5563043964397
2,3,1,12,45.4780272790423,-73.5973101921349
3,4,2,12,45.4933042967883,-73.5783864306028
4,4,1,12,1.0,1.0
1,5,3,12,45.491884818023394,-73.5815368842415
3,5,1,12,45.4868530669493,-73.61438600828521
5,6,2,12,45.4818628683845,-73.5953877465304
4,2,3,15,45.4601903215594,-73.5926238227882
3,3,1,15,45.486665338883704,-73.55028171566241
3,3,2,15,45.47811554622721,-73.5836784055528
1,4,2,15,45.4791938608771,-73.55314587823979
3,5,1,15,1.0,1.0
2,6,1,15,45.447666258399494,-73.59558689778841
2,6,1,15,45.4474968376254,-73.5965353627835
2,6,2,15,45.44792068109679,-73.5942458424091
2,6,1,15,45.481579917732894,-73.5693179233771
5,6,2,15,45.450993108775606,-73.594189272792
1,2,2,16,45.4632140598469,-73.5767604080495
1,2,2,16,45.466061150605604,-73.5636336074868
1,2,2,16,1.0,1.0
2,2,1,16,45.4703466630355,-73.5618857115447
1,3,2,16,45.458437256289905,-73.5674150152029
2,3,2,16,45.447958308606395,-73.5550131857947
3,3,1,16,45.474266951153005,-73.5701286455388
1,4,1,16,45.437295534889095,-73.5869529972995
2,4,1,16,45.4554524934622,-73.5445456657201
2,4,1,16,45.4601380632026,-73.5672616052577
1,5,1,16,45.463023420414494,-73.57242958657851
1,5,2,16,45.437295534889095,-73.5869529972995
1,6,3,16,45.463067687873405,-73.5735641252917
1,6,1,16,45.4366294710835,-73.5871788464094
2,6,2,16,45.458437256289905,-73.5674150152029
3,6,1,16,45.457648891369494,-73.5761590875613
2,2,1,20,45.4965498247941,-73.57633203814551
3,2,2,20,45.500741119892,-73.5652954801729
3,2,1,20,45.501173563597895,-73.5661610240371
2,3,2,20,45.495881109599296,-73.5731349863126
2,3,1,20,45.5095877102506,-73.59134350692041
3,3,1,20,45.507550284165,-73.570314511571
3,3,2,20,45.505373642249005,-73.5677447968167
3,3,2,20,45.49330331046579,-73.5574318201936
3,3,3,20,45.504226659485,-73.5653788496505
4,3,2,20,45.4958933788039,-73.5603274644425
1,4,2,20,1.0,1.0
1,4,2,20,45.4966795454747,-73.57878513890509
3,4,1,20,45.497963900133,-73.5803761831983
3,4,1,20,45.500741119892,-73.5652954801729
1,5,1,20,45.496588331157895,-73.5700365977447
2,5,3,20,45.498017738165,-73.5708894312731
2,5,2,20,45.50143663444611,-73.5700858287485
3,5,1,20,45.4995332523524,-73.57615030044379
1,6,2,20,45.497401486909396,-73.5780824053483
3,6,2,20,45.4991112742126,-73.5625531618869
3,6,1,20,45.4995332523524,-73.57615030044379
1,2,1,21,45.506205187534,-73.564030554495
1,2,1,21,45.5109868727448,-73.55442345235559
2,3,1,21,45.5136269541166,-73.5574729541403
3,3,3,21,45.507816488153296,-73.570147590901
1,4,1,21,1.0,1.0
1,4,2,21,45.5207802730852,-73.56571937757201
2,4,2,21,45.5042285538657,-73.55820039748001
3,4,2,21,45.5064886456848,-73.55636611691101
3,4,2,21,45.513440400166,-73.5627543624789
3,4,1,21,45.5086304194252,-73.551952418003
1,5,3,21,45.506205187534,-73.564030554495
3,5,1,21,45.5042285538657,-73.55820039748001
3,5,1,21,45.5064886456848,-73.55636611691101
3,5,1,21,45.5077228270169,-73.5523911555771
3,5,1,21,45.5077228270169,-73.5523911555771
1,6,1,21,45.5105872503339,-73.5653296195101
2,6,2,21,45.514084353958395,-73.564163051148
2,6,1,21,45.5042285538657,-73.55820039748001
3,6,3,21,45.5026877900179,-73.55931758006349
3,6,1,21,45.515925023166396,-73.5584998527585
2,3,3,50,45.4511673878779,-73.5932620883023
2,3,3,50,45.5012674923347,-73.5603542659313
1,2,2,22,45.5238936933037,-73.5575097393754
1,2,1,22,45.52023799853729,-73.5516433058928
1,2,1,22,45.5253506181069,-73.56475057322871
3,2,3,22,45.516478633934796,-73.5549071438202
2,3,1,22,45.517457364868704,-73.5570712397007
5,4,1,22,45.522485936553494,-73.55650468414959
1,5,3,22,45.5253506181069,-73.56475057322871
2,5,1,22,45.5301176506405,-73.5544550607186
2,6,1,22,45.534015085563794,-73.5568365741247
3,6,1,22,45.521441185581395,-73.54987774029199
1,5,3,12,45.491884818023394,-73.5815368842415
3,5,1,12,45.4868530669493,-73.61438600828521
3,4,2,12,45.4933042967883,-73.5783864306028
1,5,1,20,45.496588331157895,-73.5700365977447
2,5,3,20,45.498017738165,-73.5708894312731
2,5,2,20,45.50143663444611,-73.5700858287485
3,5,1,20,45.4995332523524,-73.57615030044379
1,4,2,20,1.0,1.0
1,4,2,20,45.4966795454747,-73.57878513890509
3,4,1,20,45.497963900133,-73.5803761831983
3,4,1,20,45.500741119892,-73.5652954801729
2,3,2,20,45.495881109599296,-73.5731349863126
2,3,1,20,45.5095877102506,-73.59134350692041
4,4,1,12,1.0,1.0
2,3,1,12,45.4780272790423,-73.5973101921349
1,1,1,12,45.4944304771922,-73.57853339093259
3,1,1,12,45.4944304771922,-73.57853339093259
3,5,1,15,1.0,1.0
1,4,2,15,45.4791938608771,-73.55314587823979
3,3,1,15,45.486665338883704,-73.55028171566241
3,3,2,15,45.47811554622721,-73.5836784055528
4,2,3,15,45.4601903215594,-73.5926238227882
3,1,1,15,45.447666258399494,-73.59558689778841
1,5,1,16,45.463023420414494,-73.57242958657851
1,5,2,16,45.437295534889095,-73.5869529972995
1,4,1,16,45.437295534889095,-73.5869529972995
2,4,1,16,45.4554524934622,-73.5445456657201
2,4,1,16,45.4601380632026,-73.5672616052577
1,3,2,16,45.458437256289905,-73.5674150152029
2,3,2,16,45.447958308606395,-73.5550131857947
3,3,1,16,45.474266951153005,-73.5701286455388
1,2,2,16,45.4632140598469,-73.5767604080495
1,2,2,16,45.466061150605604,-73.5636336074868
1,2,2,16,1.0,1.0
2,2,1,16,45.4703466630355,-73.5618857115447
1,1,2,16,45.4488120398441,-73.5834991942804
1,1,1,16,45.4437638265085,-73.57669567694671
1,1,3,16,45.4455200228319,-73.58106164208529
2,1,1,16,45.445581147374,-73.5772606158871
3,1,1,16,45.444136787487004,-73.57740405356749
3,3,1,20,45.507550284165,-73.570314511571
3,3,2,20,45.505373642249005,-73.5677447968167
3,3,2,20,45.49330331046579,-73.5574318201936
3,3,3,20,45.504226659485,-73.5653788496505
4,3,2,20,45.4958933788039,-73.5603274644425
2,2,1,20,45.4965498247941,-73.57633203814551
3,2,2,20,45.500741119892,-73.5652954801729
3,2,1,20,45.501173563597895,-73.5661610240371
3,1,2,20,45.501120258179505,-73.57728036652209
5,1,2,20,45.5013500870881,-73.5716056303812
1,5,3,21,45.506205187534,-73.564030554495
3,5,1,21,45.5042285538657,-73.55820039748001
3,5,1,21,45.5064886456848,-73.55636611691101
3,5,1,21,45.5077228270169,-73.5523911555771
3,5,1,21,45.5077228270169,-73.5523911555771
1,4,1,21,1.0,1.0
1,4,2,21,45.5207802730852,-73.56571937757201
2,4,2,21,45.5042285538657,-73.55820039748001
3,4,2,21,45.5064886456848,-73.55636611691101
3,4,2,21,45.513440400166,-73.5627543624789
3,4,1,21,45.5086304194252,-73.551952418003
2,3,1,21,45.5136269541166,-73.5574729541403
3,3,3,21,45.507816488153296,-73.570147590901
1,2,1,21,45.506205187534,-73.564030554495
1,2,1,21,45.5109868727448,-73.55442345235559
1,1,1,21,1.0,1.0
1,1,1,21,45.5150357186545,-73.5633107920424
1,1,3,21,45.5159078651562,-73.5652413156732
3,1,3,21,45.515813358143,-73.5568857138268
3,1,1,21,45.509870667347094,-73.5638225691963
3,1,1,21,45.5148344731593,-73.55284270630659
3,1,2,21,45.5090880325931,-73.5533417462875
3,1,2,21,45.5020800241862,-73.5556573816061
2,3,3,50,45.4511673878779,-73.5932620883023
2,3,3,50,45.5012674923347,-73.5603542659313
1,5,3,22,45.5253506181069,-73.56475057322871
2,5,1,22,45.5301176506405,-73.5544550607186
5,4,1,22,45.522485936553494,-73.55650468414959
2,3,1,22,45.517457364868704,-73.5570712397007
1,2,2,22,45.5238936933037,-73.5575097393754
1,2,1,22,45.52023799853729,-73.5516433058928
1,2,1,22,45.5253506181069,-73.56475057322871
3,2,3,22,45.516478633934796,-73.5549071438202
1,1,1,22,45.5253506181069,-73.56475057322871
